   1.00000    0.55990    0.59452    0.43171    0.96079    0.00000    0.00000    0.00000    0.00000    0.00000
   0.55990    1.00000    0.83527    0.80252    0.47711    0.00000    0.00000    0.00000    0.00000    0.00000
   0.59452    0.83527    1.00000    0.88692    0.59452    0.00000    0.00000    0.00000    0.00000    0.00000
   0.43171    0.80252    0.88692    1.00000    0.43171    0.00000    0.00000    0.00000    0.00000    0.00000
   0.96079    0.47711    0.59452    0.43171    1.00000    0.00000    0.00000    0.00000    0.00000    0.00000
   0.00000    0.00000    0.00000    0.00000    0.00000    1.00000    0.44043    0.86936    0.00081    0.42316
   0.00000    0.00000    0.00000    0.00000    0.00000    0.44043    1.00000    0.43171    0.02193    0.69768
   0.00000    0.00000    0.00000    0.00000    0.00000    0.86936    0.43171    1.00000    0.00101    0.50662
   0.00000    0.00000    0.00000    0.00000    0.00000    0.00081    0.02193    0.00101    1.00000    0.03688
   0.00000    0.00000    0.00000    0.00000    0.00000    0.42316    0.69768    0.50662    0.03688    1.00000
